comment,p,beta, k, lambda, h, V, r_0, r_1, r_2, r_3, cost, messages, wait_time
baseline ,0.1,1,30,1.5,0.5,1,2,0,-0.00005,-0.004,2677425,93602,39.24
lower threshold,0.1,1,30,1.5,0.5,1,1.2,0,-0.00005,-0.004,1302635,20034,55.19
even lower threshold,0.1,1,30,1.5,0.5,1,1,0,-0.00005,-0.004,1210799,13007,69.77
higher threshold,0.1,1,30,1.5,0.5,1,3,0,-0.00005,-0.004,4280655,179409,36.31
,,,,,,,,,,,,,
less bus type 2,0.1,1,30,1.5,0.5,1,2,0,-0.0005,-0.004,2728043,102205,38.68
more bus type 3,0.1,1,30,1.5,0.5,1,2,0,-0.00005,-0.001,3016790,90948,38.76
less bus type 1,0.1,1,30,1.5,0.5,1,2,-0.000001,-0.00005,-0.004,2656851,88537,40
bigger buses in general,0.1,1,30,1.5,0.5,1,2,0,-0.000005,-0.001,3554862,88330,37.94
smaller buses in general,0.1,1,30,1.5,0.5,1,2,0,-0.0005,-0.01,2510538,99490,41.28
,,,,,,,,,,,,,
often bidding,0.1,1,12,1.5,0.5,1,2,0,-0.00005,-0.004,2778009,106641,39
less often bidding,0.1,1,60,1.5,0.5,1,2,0,-0.00005,-0.004,2834525,102231,38.73
lower coordination threshold,0.1,1,30,1,0.5,1,2,0,-0.00005,-0.004,2771534,100709,39.22
no bidding/coordination,0.1,1,30,6,0.5,1,2,0,-0.00005,-0.004,2668486,91584,41.3
,,,,,,,,,,,,,
No voting ,0.1,1,30,1.5,0.5,0,2,0,-0.00005,-0.004,5679735,3369,34.79
"No voting, lower threshold",0.1,1,30,1.5,0.5,0,1.2,0,-0.00005,-0.004,2284907,1568,36.55
,,,,,,,,,,,,,
Hard time penalty,0.1,1,30,1.5,1,1,2,0,-0.00005,-0.004,1619247,32067,46.62
Soft time penalty,0.1,1,30,1.5,0.1,1,2,0,-0.00005,-0.004,4715551,223974,35.77
,,,,,,,,,,,,,
less random,0.01,1,30,1.5,1,1,2,0,-5.00E-05,-0.004,2769618,97435,40.72
full random,1,1,30,1.5,1,1,2,0,-5.00E-05,-0.004,2621288,95100,44.04
,,,,,,,,,,,,,
Beta 0,0.1,0,30,1.5,1,1,2,0,-5.00E-05,-0.004,2652394,92371,42.53
Beta 2,0.1,2,30,1.5,1,1,2,0,-5.00E-05,-0.004,2821661,98934,40.41
,,,,,,,,,,,,,
other,0.1,1,30,1.5,1,1,2,0,-5.00E-05,-0.001,2821395,84007,38.79
,0.1,1,30,6,1,1,2,0,-5.00E-05,-0.004,2658478,84860,39.87
,0.1,1,30,1,0.9,0,1.2,0,-0.00005,-0.004,1487978,2985,47.01
,0.1,1,30,1,0.1,0,1.2,0,-0.00005,-0.004,6524145,10690,33.911
,0.1,1,30,1,0.5,0,1.2,0,-0.00005,-0.004,2243429,4755,37.16
,0.1,1,30,1.5,0.5,1,2,0,-0.0005,-0.001,2901569,93097,40.92
